0,1,2,3,4,5,6,7,8,9,10,11,12,13,14,15,16,17,18,19,20,21,22,23,24,25,26,27,28,29,30,31,32,33,34,35,36,37,38,39,40,41,42,43,44,45,46,47,48,49,50,51,52,53,54,55,56,57,58,59,60,61,62,63,64,65,66,67,68,69,70,71,72,73,74,75,76,77,78,79,80,81,82,83,84,85,86,87,88,89,90,91,92,93,94,95,96,97,98,99,100,101,102,103,104,105,106,107,108,109,110,111,112,113,114,115,116,117,118,119,120,121,122,123,124,125,126,127,128
0.0,0.9433575742689686,0.8085277266705259,0.9677678598390418,0.8161430239867853,0.8175787658065884,0.8402669854591936,0.965529322332804,0.9040167438750801,0.9374555420664816,0.4028094358440526,0.9599990112816795,0.9814905997569282,0.916604542023264,0.922181263205889,0.8218522076485694,0.926277856715475,0.8977137647288231,0.8235357263509129,0.9503239481602301,0.9294319208643143,0.6677039963967549,0.985926047862851,0.9534349084552901,0.460455364081515,0.7827709193679134,0.9186262740043637,0.9258155599467454,0.8865352651414364,0.8397104456541433,0.9080881183685154,0.8232114856299123,0.8232083908537601,0.865052130264096,0.8191194087136565,0.8037712680377291,0.8624531706562654,0.8459412073389857,0.9032377997097759,0.8125890057798035,0.8645956577563438,0.39212402718180983,0.9360886536163544,0.8369458966812194,0.18588508508847945,0.9588375463381981,0.7299233829765968,0.9454531239607223,0.7549819436134744,0.9040699049870181,0.8695187092416711,0.7113379308742805,0.8433182155024985,0.9308057352788562,0.7363826816318667,0.9733323187828229,0.8941129662261943,0.7976545897222024,0.8563706897148885,0.7500231253677999,0.710345683711204,0.8168773486741715,0.974140158338866,0.9581964482926669,0.9602634222089642,0.3606987141264,0.9378988004842728,0.8734409608718353,0.7555173291772728,0.6872695078346881,0.826765828718009,0.5241256109910047,0.9142205765149514,0.8573190471546657,0.8472318492149439,0.8665490517967888,0.7787409991738203,0.8451890818844078,0.9776228500939911,0.7751183512900128,0.7665204494733736,0.5968295491639303,0.9062283888488687,0.7960207413625335,0.957728856280676,0.8200348960497618,0.8721096406042835,0.7144225903880898,0.8621081781374823,0.814847954380716,0.9032809529490695,0.9429863296174202,0.9478347617968103,0.9139810321127511,0.6750544381052488,0.6336384981163667,0.9370153754502599,0.8805458681956951,0.8840112606137569,0.5916156026915698,0.9858421207884039,0.9329765957772038,0.8661128975741645,0.7573484274507034,0.9735024979034278,0.9515664698161427,0.9090594578254638,0.5454062861826319,0.918381386474605,0.8812666101106148,0.6565083817521616,0.9313441451065829,0.896340956290627,0.642869633088784,0.6033030807354324,0.679651715642638,0.9363157450315532,0.9691296325152791,0.8160613983158905,0.9581535778976668,0.7308232435121225,0.8921955951727298,0.5771321620132002,0.7730601526991338,0.5678150272883837,0.9584372487038473,0.5273303674622613,0.9136911350623078,0.9181769025736244
0.9433575742689686,0.0,0.6941814920414117,0.8740724414847393,0.6511188309897603,0.676205772719686,0.765062105745838,0.9639257528217489,0.8363655633559991,0.903025127315109,0.4057399651905167,0.994600888054557,0.9237964425243692,0.7859346453391676,0.8214211924419791,0.6290976756480215,0.8845223120281379,0.9008895514066353,0.627367102913252,0.9169970323356347,0.8302727522943808,0.645680428376877,0.9599322264361362,0.9325325428177806,0.40094922374885766,0.7564412320329639,0.8305370053469011,0.8326875231481943,0.7339664620510996,0.824438593435461,0.8696101962869206,0.6178616017624787,0.6417847949260062,0.9169394230533275,0.8536536111826447,0.6222110188612643,0.7448529076258236,0.8726138205968196,0.7840778273060951,0.8265037774635834,0.683004694830432,0.38765802571264807,0.8016889134606214,0.65930303494597,0.15271275038363774,0.901220849005984,0.5652104274242331,0.9782107274137654,0.6351632551663913,0.7586151522258456,0.725498005459633,0.4895882636584279,0.8258601345370591,0.8165899134306657,0.6314450744208079,0.9867515770595036,0.7651494373398698,0.7309148987177788,0.8205811370599078,0.609862106193707,0.5109780898609887,0.6589585894889352,0.9896896711337919,0.8929087987516524,0.9961528863720606,0.3496387109706498,0.8757179398233925,0.7565068216608686,0.6601517604035719,0.4662771124240852,0.6733751335869914,0.5520958767762495,0.7969401799507585,0.896055177019478,0.8149132211064262,0.6969295330449671,0.7099674971949813,0.6622263227063606,0.8951753213427833,0.5524241426140021,0.6974649666235501,0.5743471255549978,0.891628303416438,0.7204583566956544,0.9946269981683028,0.6416207124935359,0.7616534993369966,0.4939957305396928,0.6820356921345067,0.6114608794385018,0.8442538541215412,0.9866512904172744,0.8515322905742251,0.7480933201613422,0.5708451719410272,0.6468919563239597,0.9473266149062163,0.8802138505779238,0.7730401052897863,0.6490578440010772,0.9441372628361744,0.9643190038316762,0.710246480767861,0.6358013956133172,0.9525438741984488,0.9944806910420855,0.8587959945366674,0.4653951292493592,0.7621878754699409,0.8438005284346923,0.6244000226975798,0.7797896596401948,0.7615646070455485,0.7044773389687649,0.536749764833799,0.7411421826232423,0.7912430874854236,0.9374299682991152,0.6891820557145123,0.9928010520245405,0.8021832137099265,0.8265041213067694,0.536562496604467,0.5621090311135445,0.5245576457363602,0.9904660475819961,0.594980194683933,0.9629326744247935,0.804831949932531
0.8085277266705259,0.6941814920414117,0.0,0.8263081579396748,0.8286659453599489,0.8015432843084235,0.7386254110075603,0.7660986310910067,0.7771244511982013,0.7699687259868911,0.31315573411880004,0.721653900441727,0.808410670178825,0.868624167935086,0.8285314675286873,0.8215544672581815,0.8452799922820141,0.6605548769356809,0.8303859860588594,0.8085862411264692,0.80260475494067,0.6295527208098045,0.7856289514996212,0.7456716898204666,0.4172970487137926,0.6839297203272097,0.8149881228806982,0.7908593071819519,0.810852265301615,0.8070717669762822,0.7731366046372592,0.8351598861214108,0.7860158278695099,0.6241016878905667,0.721925556314717,0.7817872447043596,0.9324517375006165,0.6676831728278041,0.7586222088468747,0.718910555951853,0.8365950903613508,0.3649327037142608,0.8277311516951535,0.8127723826357255,0.2026631898524981,0.7958473776902456,0.71760146285299,0.7318648629305305,0.689287648126548,0.8259955647817019,0.831332240847136,0.7677046991510085,0.6340093795759023,0.8365567804888653,0.7880460800940956,0.7373788361948453,0.8265868873207991,0.6908227637336959,0.7224257370285752,0.6950777065892273,0.7432032713297498,0.7841929395706836,0.7396829411307174,0.7827699790191406,0.7231173161903787,0.3491999794648124,0.7749878627628123,0.791723030239175,0.6971139232453456,0.7318257946206125,0.8258710997269627,0.3838766966107753,0.7818890872326385,0.6319503315540809,0.640011472551436,0.8107201454737942,0.7059691186722671,0.8166176515993971,0.7938839118367915,0.7931159991997915,0.6335527216349363,0.4957592858565225,0.6876017781149848,0.7289349248273453,0.7124039952305169,0.8867159253277399,0.7873150780237151,0.7568250843985331,0.8459082543199292,0.8044472107417642,0.7281632728988863,0.6839940786570194,0.8078454312711769,0.8416023954591955,0.6358267067708266,0.4626928935411787,0.6988648051392574,0.6798374878345022,0.8398899003404828,0.4542759930954796,0.8056902054758971,0.680208890109999,0.8025553780296277,0.6694554239419679,0.7704492976355454,0.7365436257223277,0.7691916679016738,0.501545544405456,0.8553747758697418,0.7357897676755195,0.5865662297731874,0.8232770475903867,0.8424403839056366,0.47214511143270377,0.4986765892870948,0.4438433466175178,0.8688929093959764,0.7631003043054704,0.7727777167080914,0.7280704468893412,0.567851242003733,0.8801330973896879,0.5004067973325217,0.794196017178212,0.45361353929376624,0.7063358990310519,0.3984356915394156,0.7500212016787362,0.7921446842855483
0.9677678598390418,0.8740724414847393,0.8263081579396748,0.0,0.8535609295987526,0.8442740973693064,0.8304778162852454,0.9266821115046465,0.8992350069857389,0.9147093041415503,0.371364117087851,0.9018293850427593,0.9571275055538659,0.9388623903667725,0.9177172034558537,0.8703121690479758,0.8915353378539618,0.8339634082365418,0.8726545551060857,0.9345155726909262,0.9480005471792623,0.6463479496747018,0.9560769476230548,0.9110850931306613,0.4683763148559994,0.7667783302479032,0.9139051515805888,0.9163542551457762,0.9091822850973562,0.8147843082560207,0.8799279466621841,0.8757692783080447,0.8588482384929623,0.7976631002569664,0.7593716078844528,0.8487829034647716,0.8665084273552969,0.7970723206809026,0.9420213370447134,0.7703268154126462,0.9022008693257397,0.3714723947337505,0.9619721273298916,0.8849400266140675,0.19592716820552702,0.9389292081421139,0.7610403891232261,0.8866884260703786,0.7800032344893238,0.9219300665430514,0.8944922697516228,0.7736403274742237,0.8031702207308767,0.9329947661391846,0.7438247114828425,0.9261928115973318,0.9189452952198591,0.7944524154965246,0.8450133882570563,0.7763533670231577,0.7650514311837412,0.8496495994018105,0.9227566503584905,0.9395703951825608,0.9034906126674797,0.3778621942529228,0.9203204300565667,0.8904268253094878,0.7505627714773803,0.7502637390671009,0.8513105719268823,0.49011292489594793,0.9034553525465909,0.8132052180398821,0.8267657373997745,0.9171131127995907,0.7686563194566803,0.8885452105276169,0.9713094147725313,0.8396536710614317,0.7611333762489775,0.6169700857326149,0.867491532445595,0.7913695959844687,0.9004127966655147,0.8601114729124212,0.887935053110241,0.7789318454617553,0.8983512656673486,0.8652001315896826,0.9041854435048507,0.8804975433459007,0.9417319971190704,0.9475416387600024,0.6855653312634084,0.5953261251999982,0.8897369328303003,0.8334929877269359,0.8930837056719051,0.5452265465338363,0.9665922242060013,0.8719142184566169,0.8903842172465714,0.822915411965001,0.9328961455608622,0.8893220190051367,0.8939882030460746,0.5482158346991577,0.9465339271843412,0.8681608200916656,0.6261801576618229,0.9624006008754344,0.9175277523006222,0.5946814518410787,0.5974641511894494,0.6223005211229257,0.9566066358267602,0.9351071552998989,0.844063651813415,0.9033310643968661,0.6817730751015094,0.8856526454654959,0.5560120093168168,0.8287722067547371,0.5399094191557197,0.8969998573683196,0.4630505314153923,0.8501585542747115,0.9486880759791758
0.8161430239867853,0.6511188309897603,0.8286659453599489,0.8535609295987526,0.0,0.8462211271959066,0.7564894615100719,0.7595067501217517,0.7835051284000875,0.7526335304452597,0.31843641967030933,0.6878403337041173,0.8257388799750104,0.8937907562920584,0.8592126158830318,0.9116941022230751,0.7724556975308445,0.6557993380363709,0.9247817623567692,0.766351319680302,0.8334053970567686,0.5798556568670792,0.7782241582392371,0.7472392419895775,0.4614921033058823,0.6662928158124282,0.8291982651194312,0.8378367735620939,0.8616299786090528,0.6961524831859839,0.756249682436984,0.9314990328394464,0.8791182541708522,0.6105857882842444,0.6082727532975862,0.8648755484770139,0.8585349868780944,0.608004261849357,0.8139851822936578,0.6160788559511455,0.9292734126198264,0.3134006618439653,0.8853570127996279,0.9118260177632788,0.19275734613081208,0.8049492840423605,0.8179896190221071,0.6909613021902088,0.7683135162740358,0.8928705622311534,0.8917115976558769,0.8822683385466654,0.6458624980429655,0.8852741689243773,0.7250555325074748,0.7188362123573815,0.8753027963158394,0.7137201980613005,0.6886832310298527,0.7534816175331569,0.8532488702853032,0.8478882393158382,0.7172898609614016,0.8266770797600197,0.6897665068065685,0.35264483118948453,0.7951394400046824,0.8629904364898447,0.7139177394291549,0.8453045401585575,0.8746776990970623,0.3558194221825015,0.8451836676113329,0.6192879487025962,0.6707130629330103,0.8759046127432074,0.6991915376706692,0.8938475984383003,0.8326965871416453,0.9112313265425439,0.6872044339930424,0.47275214983121683,0.7052407502712396,0.7385874874375536,0.6834985358058591,0.9138048900037141,0.8500935153662796,0.890423235331354,0.9193945227534926,0.9078240640266375,0.7485630016685715,0.660237973335585,0.8488377037284204,0.9135071859409234,0.6711108268406911,0.45917573002122003,0.7004488695101854,0.6697070543192654,0.8614555363912167,0.444121577775503,0.8025466145239714,0.6523703716502272,0.9066875385581428,0.7195762476932837,0.7667139915886941,0.6785157840132551,0.7587750209223358,0.5652338476934897,0.9239484959609193,0.7347470727444341,0.5592509171910247,0.8907925116378002,0.8975377224206446,0.45343772689591244,0.5498975435836402,0.4021753293080742,0.912713940386632,0.7676637010752849,0.826324270262896,0.6919214708203282,0.531110317064617,0.831596325761964,0.5045169136535583,0.9065993976932987,0.4346536970978542,0.6800496126972152,0.32345971335164503,0.6561406954728777,0.8307156068293017
0.8175787658065884,0.676205772719686,0.8015432843084235,0.8442740973693064,0.8462211271959066,0.0,0.7400465724520365,0.7627498921346616,0.7732700738144466,0.7445528961324642,0.3351878006091431,0.7056005408934651,0.811146709478758,0.8709906858387283,0.8535904874160023,0.8687789830454409,0.7811474891232838,0.6763552744358717,0.8802381367030365,0.7838945222396899,0.8240276469846189,0.6221963019795249,0.7866642868566007,0.7488453509290587,0.4250352073999154,0.6684664205501192,0.8077775006770522,0.8231313943906879,0.8380590557068439,0.7255149762722922,0.7585034741933444,0.8851397654862684,0.8425673236930554,0.6427310361171488,0.6510656864318256,0.827778670478057,0.8494234724009415,0.6292195406078424,0.7951261449307927,0.6718399038997781,0.8857695385721623,0.3280174416322361,0.864035420644,0.8894377509893464,0.22261155747945982,0.7993034350636535,0.753447873247083,0.7070511414765359,0.7199591866339232,0.8616090232401518,0.8740421377943788,0.8085759852918307,0.6521524820241187,0.8693453278912696,0.7133009242817475,0.7340077075880559,0.8726554643497709,0.7016415669237065,0.7158664574265342,0.7419833327777925,0.7862745911242698,0.8234222743284942,0.7325031857048933,0.8064889200092624,0.7100785316889714,0.31437594482614006,0.7821752049706707,0.8218888124185578,0.74322784433333,0.8104342370507901,0.8301991341184898,0.3664261893149672,0.8240935129850072,0.6124304570355729,0.6766591772703381,0.8504334551348257,0.7009998274419439,0.8577468733275612,0.8222927518944203,0.8497391848511091,0.6768149668583238,0.4808261880797866,0.709596114618423,0.7424962435180058,0.702263835277873,0.8725395594051859,0.8218085434648131,0.8136689287636174,0.8870802555819511,0.8552984248610264,0.7521425584471247,0.6817813790981472,0.839082701717026,0.8878986441573546,0.6460661377993651,0.4647887646927935,0.7079134650708778,0.6789331441103051,0.8449314913654836,0.44198817406155944,0.8050235138910667,0.6713644360234642,0.8576762797740493,0.7133286740990825,0.7703427038515501,0.7027963160376326,0.755729614721423,0.5264004803266753,0.8843705287249177,0.7253811337914015,0.552693238653976,0.8654124051739022,0.8839254030486622,0.4626939959649914,0.530467090493627,0.4248759599921188,0.8868590488507735,0.7735320509522976,0.8043786451016188,0.7178338644990796,0.5613438428700941,0.8554889085839548,0.5006525621340703,0.8455004057029644,0.44871772291223366,0.7013446395059906,0.3444386182268536,0.6808209319694897,0.8294996780922644
0.8402669854591936,0.765062105745838,0.7386254110075603,0.8304778162852454,0.7564894615100719,0.7400465724520365,0.0,0.8063083259992917,0.8453317759687345,0.7759774340246527,0.3319647992946808,0.7809534562550289,0.8407359616604313,0.8339094032708567,0.8136351888855029,0.7582973086287635,0.7881956606022161,0.7609299409768787,0.770483452538125,0.7916367934128337,0.791752034306314,0.5866286720223675,0.8257792151375498,0.7941237333753526,0.3960127255477143,0.6648765496600615,0.8082412902889562,0.8357574977872392,0.7793663346378398,0.7241203178813361,0.7748687457716588,0.7702708891265887,0.7575276842828459,0.7302488484088558,0.7041234124631112,0.7500170827465424,0.7651372498551906,0.6751724473650157,0.7725927859594051,0.6730542470484379,0.8131640269077407,0.3404186540713694,0.8171192321421296,0.7921004383881712,0.16417240946334177,0.8033601067756473,0.6827969075657749,0.7869701025636853,0.6889063983224003,0.8045960248139817,0.7867611061156756,0.6938940836044594,0.7037362246369443,0.815595831477145,0.6501749937947482,0.7997686513710758,0.8017552067221103,0.6928414761238225,0.6996729707920992,0.664406718414208,0.6784513841462981,0.7476768265072943,0.7977855333559726,0.8129413920586205,0.783371788372626,0.4186208302860639,0.8012237451304751,0.792649151371206,0.6695943281136277,0.668837337479282,0.7618902572011743,0.41645852438359177,0.8189986292523753,0.7001735267714667,0.6959700039640183,0.7695473306096515,0.6851456945400431,0.766657366267321,0.819395949504009,0.7326764817684707,0.6616937596855876,0.4618307155594956,0.7643864843544355,0.7081734779814429,0.7833021487925101,0.7643506760234441,0.7910712745668723,0.6963891285100662,0.787326193323825,0.7580305186360924,0.747525376886897,0.7784830146911607,0.8401768821030573,0.8152707699833307,0.5933679912961166,0.7484676150786894,0.7700978109817554,0.7263849683906641,0.8004320355413893,0.5465079091052052,0.8194514081199438,0.7379275592917637,0.795311553446985,0.6400933964564929,0.8106718838449223,0.7775537604965082,0.7557408572363122,0.4906246617423822,0.8202318512432474,0.7556205574088416,0.5760027062946301,0.8116773634743447,0.8101935396730118,0.5466366305533615,0.5075528369972881,0.5107034428191382,0.8487474453930411,0.8068904057156242,0.7315773064229724,0.7839294984524354,0.6146402841107605,0.8063364501881941,0.4877377531953795,0.7421096726285596,0.44899875905608044,0.7815566510023281,0.41029926286452933,0.7479178241155937,0.7879242999834375
0.965529322332804,0.9639257528217489,0.7660986310910067,0.9266821115046465,0.7595067501217517,0.7627498921346616,0.8063083259992917,0.0,0.8717404243108922,0.9370235765152459,0.4111227512881299,0.9771142993280266,0.9522758262017769,0.8641187675227284,0.8735503355012239,0.7451335427240724,0.9031068186893905,0.8887259279877388,0.7399397850316133,0.933113194787572,0.8920810980354534,0.6538727451920464,0.9786854174691028,0.9376642756304558,0.44879866140990377,0.7603894075178792,0.8703518013178828,0.8882154114559084,0.8201466753870553,0.8326893851784823,0.8912315487109528,0.7358589724372785,0.7405273627062886,0.9189791701988819,0.8383115413392834,0.7262430003839605,0.8091444487227156,0.8327579997767384,0.862431182765827,0.8230001237280751,0.7889381937329542,0.3893255076774387,0.8716687791554695,0.7627329273169527,0.1713828788647972,0.9280840107356785,0.6575490136846439,0.9745034847403367,0.7084795698759978,0.8329717164517452,0.8013438185917674,0.6158629087494644,0.8276346896340671,0.8841208062722976,0.6808213599148724,0.9802964191183263,0.835980421985041,0.7662321561417335,0.8285225079888741,0.6896086484087248,0.6184007289592637,0.7485767262800535,0.9757347882504676,0.9357489298964139,0.9761007140641909,0.3492813765424896,0.9066124753373118,0.8262923848990512,0.7162994098108371,0.5914055984260326,0.7535576869808258,0.522069434662249,0.8592142412327006,0.9042800818355232,0.8333597008292701,0.7937661495070316,0.7463157863150433,0.7599692516735276,0.9346247145873896,0.6775692823895311,0.7360868603012771,0.6369131658428661,0.892583345224746,0.7665889337384447,0.977049497305909,0.7461022383129045,0.8325217952804634,0.6302763127552461,0.78077309073326,0.7264058323376444,0.8826582642854452,0.9654287407327714,0.9056320443154953,0.8404083244695683,0.6375647251346362,0.6279804891864473,0.9369842107451195,0.8784405901614001,0.8375415268680627,0.6234236514755778,0.9733326194471016,0.9289521149268979,0.7984785459506337,0.7089080276717559,0.9622852643505889,0.966564676891942,0.8774644440053714,0.5100435813541363,0.8494030661144151,0.8541403022790623,0.6396835318648558,0.8678322926179429,0.8567265539940407,0.672773495112491,0.5595454506554938,0.6617690431555464,0.8709617261105804,0.9450060574780808,0.7834600010347443,0.9712539594210015,0.7596028604694403,0.8634171829371783,0.5527481830817703,0.6842277934959364,0.5364393508354242,0.972378641101078,0.5918863701509105,0.9398452728889272,0.8703558833714116
0.9040167438750801,0.8363655633559991,0.7771244511982013,0.8992350069857389,0.7835051284000875,0.7732700738144466,0.8453317759687345,0.8717404243108922,0.0,0.8445683363283165,0.35183697945156744,0.8553409192918703,0.9023753757665476,0.8742629588820229,0.8700434089029813,0.7938612386401099,0.853995599421534,0.8262559235514298,0.8047467881870765,0.8626357367420777,0.8578193809817056,0.6224268615993196,0.8957670543404712,0.8639600157646632,0.4570064371664314,0.7102842476042616,0.8564774120509113,0.8621831234288527,0.8412898044730003,0.7859941833770413,0.8400121879678064,0.8014112767671406,0.8048109177327992,0.771288669501192,0.7454518932274325,0.7837127220548672,0.817730467708902,0.7512854351686471,0.848910108463929,0.7381069870849731,0.8354048376779986,0.35338361440624155,0.8743823070795337,0.8145147788220803,0.17178836662548547,0.871258427626551,0.7022933926923417,0.8500801831415358,0.7144339282075659,0.8524143791884847,0.8223789011096047,0.7019802733022434,0.7472473662948028,0.8641445253146061,0.6915108913795801,0.8720899009486202,0.8461489965505237,0.7444232924723296,0.7913984393485177,0.7102601469491472,0.7028252347967818,0.7788979977026685,0.8707254171358131,0.8742081641513415,0.8561810985764273,0.40644589143433985,0.867286533572115,0.8271101265785963,0.7074764105665133,0.6892383481363098,0.7968714456865558,0.4770014194147941,0.8467545354098024,0.7629311020379298,0.7523282600995844,0.8168567052632367,0.7285119030078039,0.8041953988944759,0.8928624945345361,0.7578074281282082,0.7106403886253543,0.5272104005823869,0.8390039673033662,0.7523417648748055,0.8542854105587663,0.7950217542217413,0.8270781767688489,0.7087298204999825,0.826601530774729,0.7962701370433354,0.8241120242515145,0.8421963781767016,0.8873648467333926,0.859351446111292,0.6388944893551145,0.6022824978589632,0.84647603725208,0.7862972297775298,0.8726089388774059,0.5597086124401737,0.8940283147731468,0.82312283033575,0.832110533866301,0.7146771058944466,0.8826625741963208,0.8497129638456098,0.8343643930152721,0.5403343289616285,0.8692816500007475,0.817930294303146,0.6327044925965906,0.8672388863707864,0.8437690800384596,0.598684175739806,0.5478019828975851,0.5853176167411893,0.8859847591504387,0.8826866248208899,0.7740908102010701,0.8556542871807868,0.6587813786333984,0.848449661543549,0.5934612811323112,0.7571328061336599,0.4998056785196906,0.8493964659345669,0.45675281811991675,0.820935399380808,0.8498830340381851
0.9374555420664816,0.903025127315109,0.7699687259868911,0.9147093041415503,0.7526335304452597,0.7445528961324642,0.7759774340246527,0.9370235765152459,0.8445683363283165,0.0,0.362622105067538,0.9293357978627033,0.9328841632127824,0.8440831005924836,0.8537712307432933,0.7557074390118704,0.8668418392767251,0.8307479961831039,0.7449669171295143,0.8862440179971142,0.8720551123530308,0.6161612124497795,0.9452285115429799,0.9132861253790991,0.4366898056712638,0.7194191194967577,0.8626797340897621,0.8431347647956567,0.8409840686158817,0.7591802835197519,0.8493093073543304,0.7499713088615662,0.7645547374232083,0.832935402679126,0.7427395913283864,0.7444636431023733,0.7873513812192552,0.7932108570969073,0.8518079527610626,0.7507448118866916,0.7903560147996272,0.3605206607485867,0.8711903100571323,0.7483758377757707,0.19987582927733238,0.9078531449548979,0.6528369362900955,0.9065265774389681,0.7244212379795065,0.8362990369180691,0.7816801539328843,0.6334635567491359,0.7787065718595797,0.8712983250213772,0.6609232924166172,0.9387394778384446,0.8228070628103928,0.7459985239883984,0.7990951019081582,0.6877884790051808,0.6378424575763921,0.7551273965773393,0.9352780625423727,0.9115391287761301,0.9239531695987498,0.3176371227290724,0.9008252627977611,0.8118822246277491,0.6984683113841142,0.6170261352559264,0.7508701802046013,0.5143932244371011,0.8332557188078343,0.861995798341793,0.7988055516686071,0.7975903430138672,0.7251352112320457,0.7651666129921622,0.943982105363247,0.7023064377357516,0.7286888058564818,0.5885147717149832,0.8885686688091798,0.7327793362232163,0.9255213869138069,0.7441763944338539,0.803354524177464,0.6473707258698485,0.7812350852959067,0.7491239514637243,0.8752940341780855,0.9080410447522969,0.9012485979290306,0.8439829764389236,0.6317910770522099,0.6049089705781856,0.9098489459406619,0.8384511255098478,0.8023576824257163,0.5424113606746578,0.9462845899449769,0.9008106176641808,0.8128308115869693,0.6984989797524782,0.9368193905439314,0.9066940581511219,0.8479965536663451,0.5122832232170883,0.8546150559332303,0.8313340898136049,0.6194919292893883,0.8838016461953269,0.8521140885240798,0.5971160472148305,0.5590610554857988,0.6458274652668123,0.8650723181583294,0.9264958220544182,0.7744197696448896,0.9154949801364347,0.6584471751883103,0.805724288352817,0.5393630797668216,0.6942362498370428,0.5158054565131279,0.9205551360266229,0.5161338941319654,0.8740638351231245,0.8571851794632476
0.4028094358440526,0.4057399651905167,0.31315573411880004,0.371364117087851,0.31843641967030933,0.3351878006091431,0.3319647992946808,0.4111227512881299,0.35183697945156744,0.362622105067538,0.0,0.4030875533815088,0.3819136830531309,0.3622091225486268,0.37680493649038516,0.31059975678901086,0.3793161991321782,0.40885186699286225,0.3181565741617616,0.3885186345271572,0.3591817068057278,0.28779788919115457,0.40195105711834567,0.38026562661147345,0.2024008368889233,0.3608382199822694,0.34897836902618296,0.38377009019530794,0.32482330647341107,0.38877978149251935,0.37708963046419264,0.3075924958850118,0.3020105886254567,0.3736643066447386,0.37384723126129105,0.3003330568205087,0.33326596943692266,0.34030430829528524,0.3457323082909822,0.364592828751513,0.3362654097206019,0.17261266659831942,0.3541914438202953,0.3260045479006535,0.06752134203886406,0.38063944257156823,0.28608373032748635,0.412960096557619,0.2880433281767034,0.34178278582277066,0.36888481124493677,0.262902685398799,0.49373159269974654,0.37928688586335724,0.2769236612728879,0.3990428026399666,0.34746533154884807,0.31414371065330826,0.3303383587934854,0.273556104771951,0.27445772491366727,0.2984884318899712,0.3998124188826899,0.39888428936650333,0.4075522609509675,0.1681185912388119,0.3552886414891858,0.3312746873463026,0.29598021308279665,0.24710918398507242,0.31652773263057643,0.19933010772689508,0.3675890717807049,0.36445472526009315,0.33304340623431417,0.3232502004833312,0.31529480991672265,0.3382242633114727,0.3633594869104152,0.2779572862740768,0.2988680701614962,0.22971235612887997,0.3455244520142249,0.32495917818135045,0.40290643431851403,0.33764373374201795,0.3601354890386639,0.26325418411722,0.3291844480762429,0.3015800825760242,0.337846790160758,0.3948055766454547,0.36368672927853085,0.3475678078697191,0.260960047220682,0.25630395262124184,0.368001457724461,0.35706179170447583,0.37152371842310294,0.27856475245902645,0.39813334093230135,0.3662160455914285,0.3484429388071564,0.27714098929807396,0.38342628894293007,0.4043233057714829,0.3494545166281955,0.2190061709939466,0.3483170182260177,0.3338578146131821,0.26359069264881063,0.34691622660698473,0.3492668986262022,0.29068221996576993,0.21438363138304994,0.25276838032567983,0.3588354288560659,0.36574770732561457,0.3247123059121183,0.41097499571522156,0.40016659562744494,0.3945174589477567,0.21009945224577575,0.3052423034221057,0.230497921009029,0.40280214457171104,0.25681149702094797,0.4101566980585769,0.34434662066535304
0.9599990112816795,0.994600888054557,0.721653900441727,0.9018293850427593,0.6878403337041173,0.7056005408934651,0.7809534562550289,0.9771142993280266,0.8553409192918703,0.9293357978627033,0.4030875533815088,0.0,0.9459696150733077,0.8160553695065881,0.8427940533892235,0.6690634581744075,0.9027700461618013,0.898777826635595,0.6659439003401003,0.934770412041952,0.8610864211515388,0.6469270215556435,0.9782688669360569,0.9448532587681334,0.41696349916473374,0.7544502515762234,0.852163773622644,0.8461968632105542,0.7733860597767749,0.8319319799134713,0.8841623356863699,0.6589962881729466,0.6801331812060378,0.9140483836514155,0.8547336790931803,0.6594337307737489,0.772708989866656,0.877706964312983,0.8203849836969598,0.8334763664223808,0.7173094727228861,0.3881259589137869,0.8332084149274912,0.6925248622530487,0.1645813335538574,0.9194861500420345,0.5960514901768573,0.9780313981061012,0.6628710343886866,0.7915937111083116,0.7475599858425137,0.5309420320032513,0.827962322223799,0.847640242364063,0.6556284870471474,0.995969807984876,0.7920135072424548,0.7473494934010958,0.8395151070768264,0.6436166286377788,0.5467361501838085,0.6952868120240342,0.9966351995968351,0.9134314424362227,0.998522794797316,0.35334359288994643,0.89672526557467,0.7782803752036372,0.6837765395685106,0.5080827901361177,0.7036616264855903,0.55238408269409,0.817707807354273,0.9077344882256897,0.8286082229834018,0.7371241625148142,0.7286750140080046,0.6991476636498014,0.9218751586158576,0.595353556163508,0.7156517320825386,0.6002422988742037,0.89829799527506,0.7372649955941704,0.9978891940933119,0.6779684339970264,0.7864631328984402,0.5372692828770143,0.7164738969223879,0.6540476508722746,0.8753582714917786,0.9877749790993924,0.8765939435107832,0.7864745780544156,0.5983419752019443,0.646360595541073,0.9557072278393548,0.8899273305645876,0.7933085627775626,0.625708064426187,0.9656791922028701,0.9716769340478754,0.7431103200801924,0.6699684141064928,0.9677695495567408,0.9942374343153998,0.8734504137341983,0.48408494919536804,0.7965275225319202,0.8505367851998231,0.6358408833010201,0.8211224866209995,0.7967539680251695,0.6854900200834263,0.549851534053672,0.7346870597309179,0.8245261027320204,0.9540979452065826,0.7206691189216681,0.9936803803101031,0.7723965329429405,0.8368484077325766,0.5494017793747938,0.5995735794338924,0.534053634298259,0.994563385354281,0.5947415825558178,0.9654636383650294,0.8383526278858755
0.9814905997569282,0.9237964425243692,0.808410670178825,0.9571275055538659,0.8257388799750104,0.811146709478758,0.8407359616604313,0.9522758262017769,0.9023753757665476,0.9328841632127824,0.3819136830531309,0.9459696150733077,0.0,0.9111342594353704,0.9111935019806483,0.8217838916896811,0.9214501578722754,0.8620768972527181,0.8238255107988959,0.9343797120095376,0.9159946119827641,0.6611722134191852,0.9759899666433627,0.9519415346168558,0.4944318176331495,0.7647060419789932,0.9159571935865454,0.9029703772278186,0.8875329076252989,0.8271880960235549,0.9109188974435949,0.825171364140199,0.8289792194327898,0.8472967679997726,0.8064710841531564,0.8017964071740072,0.8656475900570668,0.8454201551534105,0.8881663309810424,0.8005978287211738,0.8636678871951878,0.37654210737867133,0.930208449941009,0.8330659012224322,0.18343304927753057,0.9519855938932295,0.735506026223738,0.9325231409382653,0.7530500632451499,0.9116623464641826,0.8584613689438868,0.7151069245744673,0.8138384892826716,0.9322318132511555,0.7416225574168567,0.9587929980159126,0.8890279694810069,0.7965644315109168,0.8565805269517607,0.7499569754568705,0.7162136178116957,0.8280550162315693,0.9595824494116355,0.9461485329065071,0.9438899269125297,0.35146729227185625,0.9346671200162867,0.8687137746116349,0.7552082092811794,0.6930755502768521,0.8298652076476145,0.544462530794204,0.8938426203690517,0.8486114442179021,0.8163414400774623,0.8601172482771469,0.7756598904097975,0.8385176389179114,0.968989966291101,0.7781211825441557,0.7596423311115803,0.5804462899139663,0.897728290773206,0.790517702673951,0.9410723361087272,0.8211190092758184,0.8662199364775353,0.7202360348621376,0.8574171282598885,0.8260877246244478,0.9016046085968933,0.9246686680201816,0.9367801673479262,0.9096479413662477,0.6687847361462353,0.6280131079579783,0.935915811715939,0.8673678524472604,0.8747241553455828,0.5773092615248536,0.9745718872863373,0.930448803665213,0.8648441895410892,0.7439458949588347,0.9666157781674255,0.9354129526366363,0.8991269925201124,0.5618883540387897,0.916868720535967,0.8722732204049463,0.6709206792799582,0.9280921602733216,0.8976298968323204,0.6229983311798352,0.594095639043763,0.6795965461267699,0.9355398025934205,0.9668857248389189,0.8114832017150628,0.9404195011937043,0.7018264404144641,0.8842341137872992,0.585667967983349,0.7753713871974585,0.5358738372060062,0.9404399595293041,0.5162885991477925,0.9028318115484872,0.9058634178474542
0.916604542023264,0.7859346453391676,0.868624167935086,0.9388623903667725,0.8937907562920584,0.8709906858387283,0.8339094032708567,0.8641187675227284,0.8742629588820229,0.8440831005924836,0.3622091225486268,0.8160553695065881,0.9111342594353704,0.0,0.9240936348547861,0.9299159817935271,0.8976614235125437,0.7567318333010555,0.9221495258949846,0.9080480345184802,0.9269342078534416,0.652919585834944,0.8914400892644007,0.8493682307007251,0.4660558471043499,0.7711212832728855,0.9049330720259405,0.921811818110875,0.9061300387055187,0.8514666942718379,0.8555149762965762,0.9320751622087151,0.888908431055184,0.7161362363293239,0.7672179255390218,0.8833367330281638,0.9033536705894929,0.7277826267996684,0.8983444233987221,0.7561041781085996,0.9413525995035146,0.38527598633172455,0.9636867949787067,0.9310537140506886,0.19728705042541828,0.8991870115548118,0.8103684020997215,0.8170952807107151,0.7962894819461481,0.9385789424824863,0.9419320018868865,0.8466751439201478,0.7540577625885809,0.9441007887616888,0.775093758628919,0.8385984589451275,0.932249965923376,0.7726696713030135,0.7942170096635629,0.7900223067839908,0.8141406570188512,0.8561876253938339,0.8409136488141624,0.8932508211348186,0.8200977860260862,0.37268010522751527,0.8708883711336081,0.910911552918926,0.7615849439830157,0.8243190537107712,0.8976496826753176,0.4254532702969893,0.8956298975779309,0.738734731613571,0.749726314093412,0.9336642657628803,0.7743780960750647,0.9259679281249453,0.9138028053789259,0.8905174727588815,0.7300651922751192,0.5746040046167255,0.802853135708041,0.8147584234731815,0.8083248630985971,0.9164241210120085,0.9053568092316993,0.8399307461059113,0.9355092502685092,0.9064965736156871,0.8509059375938746,0.7791348100814787,0.9064711109448702,0.9628912747099172,0.6878344004534886,0.5375593297935818,0.8046277770072467,0.7756887350851669,0.9546211856572191,0.5763545636591315,0.9118573224521809,0.7753007891234015,0.9112615025733252,0.7909887270432946,0.8707647355204002,0.8158532244197388,0.8568179209888008,0.5714260418660227,0.9636716016696719,0.825383922712047,0.6075839956296627,0.9478354507427759,0.9394991531261878,0.5672095982994672,0.5756077953790886,0.5178859131681434,0.9708744597700831,0.8669535412065202,0.8701055411718105,0.8275408282793156,0.6786377928722847,0.9172098301059947,0.5408129447571488,0.8998123597978925,0.4950894599567506,0.8031712497579429,0.4346250750935814,0.8059852354716286,0.9191872619120498
0.922181263205889,0.8214211924419791,0.8285314675286873,0.9177172034558537,0.8592126158830318,0.8535904874160023,0.8136351888855029,0.8735503355012239,0.8700434089029813,0.8537712307432933,0.37680493649038516,0.8427940533892235,0.9111935019806483,0.9240936348547861,0.0,0.8837590286566764,0.8901490185183518,0.7886980429664069,0.8849580152276356,0.885379874050333,0.8830535550462303,0.6516610678992127,0.8950589569921623,0.8725061409246765,0.45019024556329534,0.772188079727836,0.8953231119563826,0.8932147127512241,0.9109302093654544,0.8136113252259196,0.8543450164493945,0.886044692547906,0.8835763124901012,0.7612197148202544,0.7664690735482128,0.8548185277550592,0.87640438647485,0.7574628066443296,0.8458929841284066,0.7581196704274739,0.9060877379161556,0.3859319889594288,0.9159323531918274,0.8871085552342738,0.19092276469711833,0.8997694622860181,0.7764373698585612,0.8407295114232747,0.7588457730052939,0.912916939041305,0.9023206769262593,0.798785956670261,0.7462289310773217,0.9247941844509151,0.7440605752724248,0.860448927964922,0.8985572638496147,0.7815769959310672,0.7938284011803051,0.7470500096669519,0.8039191184106622,0.8352328684623906,0.8638805369785976,0.896494421298898,0.8459779128950915,0.36511574540726977,0.882788308417665,0.8788711536998326,0.7473588582906348,0.7923770966212639,0.8662942934573136,0.4792105332634612,0.8874520775043946,0.745077196343044,0.749917919395538,0.8666043157586061,0.7733890068733427,0.8729153515069324,0.9120884052231404,0.84837544855297,0.7310726711744292,0.5250937012356807,0.8526241810303357,0.7921544636619875,0.8377434529930002,0.8752762000381468,0.8725641672867988,0.8052350651601677,0.9077167292947755,0.8700376889410606,0.821988136446933,0.8144715946770669,0.9184061006149834,0.9165310646088772,0.70490301536727,0.559320478190635,0.8296359094430384,0.7978791551307749,0.9036815805757271,0.5474570518467577,0.9078763661183428,0.8103175572063847,0.8994281961855384,0.730018188016729,0.8918738942063982,0.842599049212889,0.8644883492519851,0.5658390330934857,0.9308904163915085,0.8281196699367188,0.6219783432412488,0.9076967113651453,0.9017893396072664,0.5669305956450484,0.56724754584162,0.5672635071931632,0.9371227311844071,0.8841845393707045,0.8498841113806985,0.8485885970014438,0.6720072794116767,0.892357786203774,0.5472820732162482,0.8425997029688655,0.4952295314321422,0.835232586432944,0.4677413069317222,0.8219464989223731,0.8755205759759864
0.8218522076485694,0.6290976756480215,0.8215544672581815,0.8703121690479758,0.9116941022230751,0.8687789830454409,0.7582973086287635,0.7451335427240724,0.7938612386401099,0.7557074390118704,0.31059975678901086,0.6690634581744075,0.8217838916896811,0.9299159817935271,0.8837590286566764,0.0,0.7738824599183604,0.6431423924822612,0.9667418710785259,0.7686640225071981,0.8515946108613934,0.5699768419033158,0.7745833225897022,0.7444108498640665,0.47669327834000963,0.68092321423259,0.8480070891502982,0.8529058848288882,0.8926029992034759,0.6902377513799067,0.7577645482904238,0.9731970520055105,0.9223439033830322,0.5751170716711022,0.5877993351562637,0.9126058399519614,0.8618919360577224,0.5927539062612572,0.8337556444217732,0.6094068582782113,0.9686872861314888,0.3161286370389761,0.912790285011582,0.9471544727174344,0.20129780740244896,0.8131213570475107,0.83962939724342,0.6783700169187269,0.7713393526783195,0.9294393480661971,0.9250213871405549,0.9170912542249184,0.6368653694544336,0.901394932915796,0.725958502715811,0.7059111597658906,0.9054151204442392,0.7306091999784786,0.689413918503476,0.785759342913364,0.8988467619768027,0.8848242585012828,0.7039185766903681,0.8320538809645163,0.6718777633240821,0.32293704648745813,0.8104201482442378,0.8768654317406158,0.7389458804433761,0.902940068695439,0.8979225571891567,0.3478948361790246,0.8741297199244933,0.6189079225124127,0.6591208817299292,0.9146531836240183,0.7093171560027793,0.9350817850870915,0.8472784943350038,0.9614405681280108,0.7047516638760781,0.4626518629150178,0.7035934098583674,0.7665510466901804,0.6648483156333276,0.9393976976990452,0.8743445019833428,0.927923593605771,0.9657110615436052,0.957981621442534,0.7563275223033683,0.6362563371638706,0.8639131259200227,0.9492124468830333,0.6806219699201421,0.44964267510507816,0.6819283107228271,0.6636073016694316,0.8930872133232366,0.4059366072898649,0.8037630847982465,0.6353738481157283,0.9261042128215764,0.7516051140744605,0.7654768103645531,0.6574937049385171,0.7798149152898219,0.5928590222789454,0.9635463897062984,0.7509329627991792,0.5549069004621787,0.9267053015455411,0.9249506099333601,0.4335858929621672,0.5539087551033339,0.38678188844610295,0.9425983091961104,0.7724425308296274,0.8698626827962964,0.6743833493270508,0.5185118885348301,0.8249618883020483,0.5003203374402214,0.9493210587261168,0.4329117281820922,0.6613083393736747,0.30719252128227925,0.6308593629747583,0.8542960396797773
